REGISTER (median of 12 draws) of every candidate against the in-flight peers' voices (the rule's bar is 0.80):
  candidate               ci ci-anvil n1 ci-anvil n4 ci-anvil n9    ci-close          ih  ih-land n3     ih-miss
  1 DROP @2             0.19        0.20        0.87        0.30        0.05        0.13        0.11        0.06
  1 DROP @4             0.05        0.06        0.11        0.88        0.03        0.09        0.05        0.05
  2 SLURP @2            0.20        0.21        0.87        0.31        0.05        0.13        0.11        0.06
  2 SLURP @4            0.06        0.06        0.11        0.88        0.03        0.09        0.05        0.05
  3 LOW @2              0.17        0.10        0.13        0.06        0.20        0.39        0.20        0.24
  3 LOW @4              0.31        0.29        0.09        0.10        0.40        0.26        0.24        0.21
  4 WIDE @2             0.19        0.20        0.83        0.43        0.05        0.14        0.11        0.06
  4 WIDE @4             0.06        0.06        0.11        0.84        0.03        0.10        0.05        0.05
  5 TRI @2              0.21        0.21        0.91        0.30        0.05        0.13        0.11        0.06
  5 TRI @4              0.08        0.07        0.11        0.92        0.03        0.09        0.05        0.05
  1 SIP                 0.48        0.16        0.12        0.09        0.63        0.99        0.77        0.79
  2 THROAT              0.52        0.43        0.39        0.34        0.48        0.77        0.56        0.53
  3 TEETH               0.52        0.20        0.17        0.17        0.60        0.96        0.75        0.77
  4 GRAIN               0.46        0.37        0.28        0.20        0.54        0.86        0.66        0.65
  5 GRAIN-T             0.49        0.39        0.29        0.20        0.54        0.87        0.64        0.65
  6 OPEN                0.48        0.21        0.16        0.11        0.63        0.97        0.75        0.76
  7 OPEN-T              0.52        0.23        0.18        0.15        0.62        0.96        0.74        0.75
  8 AIRY                0.47        0.29        0.21        0.15        0.58        0.93        0.71        0.69
  9 VOWEL               0.48        0.16        0.12        0.09        0.62        0.98        0.76        0.78
  10 GRAIN-J            0.46        0.45        0.35        0.27        0.52        0.82        0.61        0.59
  11 MID                0.48        0.25        0.18        0.13        0.62        0.95        0.73        0.74
  12 HUSH               0.58        0.25        0.21        0.17        0.62        0.94        0.74        0.74
  13 MID-H              0.55        0.28        0.23        0.17        0.58        0.94        0.72        0.71
  14 SIP-H              0.58        0.22        0.20        0.16        0.61        0.94        0.74        0.76
exit 0
